89
"root" -1 0 0 0 -0.70710678118654746 -0 0 0.70710678118654757 1 1 1
"pelvis" 0 1.6435803111873939e-21 98.693222045898438 2.3794624805450502 0.51546984923402184 0.48403598474767839 -0.51546984923402184 -0.48403598474767862 1 1 1
"spine_01" 1 -1.7832174288569006e-16 101.16019024789954 2.2241394881804246 -0.43706640995889562 -0.55585260214822496 0.43706736858869044 0.5558533559183102 0.99999999999999989 1 1
"spine_02" 2 4.9830485410217713e-14 106.00695481004972 3.4006447420858299 -0.46937889539749039 -0.5288514955142426 0.46937841417383336 0.52885106840720131 0.99999999999999989 0.99999999999999978 1.0000000000000002
"spine_03" 3 1.4690297538219037e-13 113.57889298970534 4.3061018464324157 -0.51504440636768234 -0.48448735848396135 0.51504562853132052 0.48448865773036642 0.99999999999999978 0.99999999999999978 1.0000000000000002
"spine_04" 4 3.2926974488635459e-13 122.41347909854564 3.7654272283727255 -0.54944887932188613 -0.44508760301389477 0.54945156805974926 0.44509092218551471 1.0000000000000002 0.99999999999999989 1.0000000000000002
"spine_05" 5 1.3081528626171225e-12 139.53107210402254 0.13299659558301302 -0.55045230810642676 -0.44384817384160008 0.55045327885624173 0.44384934704716728 0.99999999999999989 0.99999999999999978 1.0000000000000002
"neck_01" 6 -3.2471021106780014e-07 151.17530081006927 -2.3929106340808115 -0.44068959201643593 -0.55298423962305476 0.44069087018499997 0.55298523592631899 0.99999999999999989 0.99999999999999967 1.0000000000000002
"neck_02" 7 -4.690114938387216e-07 156.87662845153253 -1.0876347867118892 -0.44360039921459471 -0.55065561291952481 0.44359712392721157 0.55065295188565078 0.99999999999999978 0.99999999999999944 1.0000000000000002
"head" 8 -6.1177924554625685e-07 162.50311862254009 0.13823470576762076 -0.49999999366935372 -0.5000000063307396 0.49999999366920372 0.50000000633070274 0.99999999999999978 0.99999999999999956 1.0000000000000002
"clavicle_l" 6 0.93135988910833023 145.01640403667167 -2.0850883065426218 -0.70566582247368725 0.060377087147962041 -0.040706954627612001 0.7047930889168873 0.99999999999999978 0.99999999999999967 1
"upperarm_l" 10 16.05534614221304 142.83672853197766 -2.5078358407627759 -0.65514956231919286 0.31530963559806907 -0.31462980492401155 0.61021878907934446 0.99999999999999978 0.99999999999999967 1
"lowerarm_l" 11 32.395592551927557 121.24203352583643 -1.7643836358888239 0.72110232202774638 -0.09301911886386291 0.49074257815192168 -0.4801360293508371 0.99999999999999978 0.99999999999999956 1
"lowerarm_twist_02_l" 12 36.75381745237582 115.97603930145095 3.6149381519042887 0.72126894933876984 -0.092024727628123595 0.48936868264367023 -0.48147777173231532 0.99999999999999978 0.99999999999999967 0.99999999999999989
"lowerarm_twist_01_l" 12 41.112042352824105 110.71004507706556 8.9942599396974465 0.72126891667844262 -0.092024759708317652 0.48936873077221005 -0.48147776560971989 0.99999999999999989 0.99999999999999967 0.99999999999999989
"hand_l" 12 45.47026773109976 105.44405027532662 14.373582317269054 0.82728830273030973 -0.448602166544178 0.33805223971939397 0.0084168615394562742 0.99999999999999967 0.99999999999999989 0.99999999999999989
"middle_metacarpal_l" 15 46.469675300513408 103.30456568519665 16.441092857060806 0.85950427469132906 -0.39601807717844079 0.32244339746571665 0.021268280748304631 0.99999999999999978 0.99999999999999978 0.99999999999999978
"middle_01_l" 16 49.129840235768178 99.595442778173265 19.616878008312 0.77137545000769969 -0.5732546464788385 0.27299703346401283 -0.042797723487229461 0.99999999999999956 0.99999999999999978 0.99999999999999989
"middle_02_l" 17 50.082797449627499 95.129580199159975 21.447479714725493 -0.66409490331817933 0.69373985307362263 -0.26539077004536227 0.085268486669672253 0.99999999999999978 0.99999999999999967 1
"middle_03_l" 18 49.782683232290047 92.324232943574273 22.127085196863387 -0.64714508521383807 0.70989046190606797 -0.26188649641030182 0.09313556665581943 0.99999999999999956 0.99999999999999944 0.99999999999999978
"pinky_metacarpal_l" 15 47.453432398792508 102.49076981423548 14.507948775645318 0.84281328827458912 -0.5288125787673944 0.069262007702260667 0.072289639189891966 0.99999999999999978 0.99999999999999967 0.99999999999999967
"pinky_01_l" 20 49.487434002991435 98.332528498092216 15.419480774199561 0.78370387852647527 -0.61137077043814692 0.085318762876970572 0.068954481635130377 0.99999999999999956 0.99999999999999956 0.99999999999999956
"pinky_02_l" 21 50.175729150139382 95.594019393029811 16.050343447563684 -0.66382658730866528 0.7400637566738314 -0.094402492948977734 -0.052230904309281616 0.99999999999999944 0.99999999999999956 0.99999999999999967
"pinky_03_l" 22 49.972906931122459 93.851432349769851 16.413380871755571 -0.64261388036900613 0.75865391310225294 -0.095342587540103899 -0.049004406872091781 0.99999999999999933 0.99999999999999922 0.99999999999999933
"ring_metacarpal_l" 15 47.014265750793747 102.86414404160304 15.500264747364412 0.87212433371212816 -0.44583922449504443 0.19690947368744205 0.043048712187107867 0.99999999999999967 0.99999999999999978 0.99999999999999967
"ring_01_l" 24 49.635006713078553 99.066144917722639 17.406724287258371 0.79058857933001692 -0.57729510517138116 0.20318720531713841 0.020372024286274899 1 1 0.99999999999999967
"ring_02_l" 25 50.701640316925868 95.220648486557764 18.872587362191474 -0.63721909963736334 0.7424752275408073 -0.20521544093518573 0.023853267016316241 0.99999999999999989 1 0.99999999999999956
"ring_03_l" 26 50.097485462107201 92.128059406081249 19.604025568668966 -0.6073833669080505 0.76754341457657382 -0.20193506702293726 0.034420648599584609 0.99999999999999978 1 0.99999999999999956
"thumb_01_l" 15 43.831174901665811 103.68327017152467 17.22749930255446 0.53771363498887703 -0.087744172803204956 0.77905845675113428 -0.31021432566964263 0.99999999999999978 0.99999999999999978 0.99999999999999978
"thumb_02_l" 28 42.769280542979615 101.00742689008851 20.855958254576986 0.5564638593311263 -0.16262648165907923 0.68169480541382466 -0.44631019817309281 0.99999999999999978 0.99999999999999978 0.99999999999999989
"thumb_03_l" 29 42.817229913461446 98.867452998824035 22.518941720709346 0.54181773126073851 -0.20363481404865888 0.6481353010601445 -0.49486062696329969 1 0.99999999999999978 1
"index_metacarpal_l" 15 45.52757793819849 103.48450324973777 17.880841995899143 0.8208337012224004 -0.35626798730881848 0.43810943856740703 -0.085821186164082297 0.99999999999999989 0.99999999999999989 0.99999999999999978
"index_01_l" 31 47.475450902557228 99.935359587280104 21.419272800380483 0.7784788088146043 -0.51567387839574508 0.3420490092357632 -0.10513643824915259 0.99999999999999967 1 0.99999999999999978
"index_02_l" 32 48.544312293127255 95.942265168512051 23.355205451665661 0.72099955929563286 -0.59253535139685132 0.33142930020504308 -0.13862219088626621 0.99999999999999956 0.99999999999999989 1
"index_03_l" 33 48.738537879680095 93.589262108015959 24.13507130102348 0.72088930636900672 -0.59253032997027655 0.331822771695505 -0.13827532033027576 0.99999999999999956 1 0.99999999999999978
"upperarm_twist_01_l" 11 21.50209513719561 135.63849660986119 -2.2600184304141013 -0.65576750398457129 0.31411288783115138 -0.31318811937277202 0.61091347693430886 0.99999999999999978 0.99999999999999956 1
"upperarm_twist_02_l" 11 26.948844132178188 128.44026468774473 -2.0122010200654112 -0.65514956231919297 0.3153096355980689 -0.31462980492401171 0.61021878907934435 0.99999999999999967 0.99999999999999967 1
"clavicle_r" 6 -0.9313597065185123 145.01594928690463 -2.0850858253327988 0.70479308478644365 0.040706963727711751 0.060377091764427175 0.70566582567908831 0.99999999999999978 0.99999999999999967 1
"upperarm_r" 37 -16.055299298278118 142.83668643778137 -2.5078371108592306 0.6102187832970547 0.31462981438215182 0.31530963847467414 0.65514956177828987 0.99999999999999956 0.99999999999999978 1.0000000000000002
"lowerarm_r" 38 -32.395286432262232 121.24233321828888 -1.7643963532467504 0.48013602088492457 0.49074258530870984 0.093019121764481918 0.72110232241997352 0.99999999999999967 0.99999999999999978 1
"lowerarm_twist_02_r" 39 -36.753573318681497 115.97626391342658 3.6150021883514647 0.48147776327596054 0.48936868980836096 0.092024730534213936 0.72126894975184652 0.99999999999999956 0.99999999999999967 1
"lowerarm_twist_01_r" 39 -41.111850648553201 110.71020615563367 8.9943889343798524 0.48147775715336499 0.48936873793690089 0.092024762614407493 0.72126891709151864 0.99999999999999978 0.99999999999999978 1
"hand_r" 39 -45.470129411907109 105.44414666578038 14.373777449743672 -0.0084168681288959522 0.33805224442795639 0.4486021726764014 0.82728829741398735 0.99999999999999978 0.99999999999999989 0.99999999999999989
"middle_metacarpal_r" 42 -46.469699955835395 103.30457709701402 16.441043317072154 -0.021268287512119451 0.32244340184906373 0.39601808374365061 0.85950426985461326 0.99999999999999956 0.99999999999999978 0.99999999999999967
"middle_01_r" 43 -49.129881672162284 99.595430752363697 19.61690893407588 0.042797718182353825 0.27299703920069651 0.57325465228904116 0.7713754439538556 0.99999999999999944 1 0.99999999999999967
"middle_02_r" 44 -50.082813078420479 95.129604856214527 21.44744697265001 0.085268482367930235 0.2653907765595383 0.6937398577726902 0.66409489635843666 0.99999999999999956 1 0.99999999999999956
"middle_03_r" 45 -49.782695075919285 92.324246443148283 22.127085155752336 0.093135562526732829 0.26188650304250527 0.70989046643910103 0.6471450781516247 0.99999999999999956 0.99999999999999978 0.99999999999999944
"pinky_metacarpal_r" 42 -47.453426452915743 102.49081399417074 14.507926463325823 -0.072289643048889379 0.069262012281987792 0.52881258671530984 0.84281328258041632 0.99999999999999933 0.99999999999999956 0.99999999999999967
"pinky_01_r" 47 -49.48740534897923 98.332509925942745 15.419440056607124 -0.068954485091637069 0.08531876778105521 0.61137077771771564 0.78370387200964176 0.99999999999999911 0.99999999999999933 0.99999999999999956
"pinky_02_r" 48 -50.175734884902596 95.593999417426005 16.050364089320276 -0.052230906831033819 0.094402498392510317 0.74006376270015772 0.66382657961770741 0.99999999999999911 0.99999999999999944 0.99999999999999978
"pinky_03_r" 49 -49.972937914126113 93.851447360538046 16.413360010094728 -0.049004409231245494 0.095342593061211706 0.75865391890941913 0.64261387251415703 0.99999999999999911 0.99999999999999967 0.99999999999999978
"ring_metacarpal_r" 42 -47.014247522272548 102.86411057435564 15.500236990988348 -0.043048717670975713 0.19690947817166055 0.44583923193759056 0.87212432862427836 0.99999999999999956 0.99999999999999978 0.99999999999999967
"ring_01_r" 51 -49.635050095740418 99.066119885404248 17.406743527136094 -0.020372029012853295 0.20318721052042218 0.57729511172946069 0.79058857308216812 0.99999999999999944 0.99999999999999989 0.99999999999999956
"ring_02_r" 52 -50.701612205508589 95.22059507410637 18.87256896066981 0.023853263579671217 0.20521544705178801 0.7424752324849565 0.63721909203534 0.99999999999999922 0.99999999999999967 0.99999999999999956
"ring_03_r" 53 -50.097513271109193 92.128101700618004 19.60403308323006 0.03442064542962673 0.20193507329704871 0.76754341922162361 0.60738335913186037 0.99999999999999922 0.99999999999999989 0.99999999999999967
"thumb_01_r" 42 -43.831192890997443 103.68323873409967 17.227552263484 0.31021431542306011 0.77905846172835524 0.087744172812686108 0.53771363368754987 0.99999999999999956 0.99999999999999978 0.99999999999999967
"thumb_02_r" 55 -42.769244992035951 101.00739135527131 20.856008959548593 0.44631018897066826 0.6816948121706019 0.16262648200891813 0.55646385833228829 0.99999999999999956 0.99999999999999967 0.99999999999999967
"thumb_03_r" 56 -42.817208228523107 98.867400065290781 22.518944376948571 0.49486061827999672 0.64813530847139944 0.20363481430762201 0.54181773022864754 0.99999999999999967 0.99999999999999967 0.99999999999999978
"index_metacarpal_r" 42 -45.527605871194758 103.48451913898269 17.88079482393097 0.085821178387784372 0.43810944365588705 0.35626799256218111 0.82083369703940334 0.99999999999999956 0.99999999999999978 0.99999999999999989
"index_01_r" 58 -47.475422827653077 99.935357070709543 21.419227129856161 0.10513643207834233 0.3420490152748385 0.51567388371843081 0.77847880346872622 0.99999999999999944 0.99999999999999967 0.99999999999999978
"index_02_r" 59 -48.54434545812348 95.942295003631926 23.355241043205329 0.13862218535036072 0.33142930683231964 0.59253535613051589 0.72099955342331601 0.99999999999999922 0.99999999999999967 0.99999999999999989
"index_03_r" 60 -48.738558507628589 93.589313240025973 24.13509749576107 0.13827532238813436 0.33182278456247344 0.59253033120949195 0.72088929903309951 0.999999999999999 0.99999999999999989 0.99999999999999989
"upperarm_twist_01_r" 38 -21.502062473604489 135.63864466951651 -2.2600206446205471 0.6109134711591685 0.31318812883271169 0.31411289071976045 0.65576750346307677 0.99999999999999967 0.99999999999999978 1
"upperarm_twist_02_r" 38 -26.94882564893086 128.44060290125168 -2.0122041783818636 0.61021878329705448 0.3146298143821521 0.3153096384746743 0.65514956177828987 0.99999999999999967 0.99999999999999978 1
"thigh_r" 1 -11.154600143432617 95.47183800799418 2.6504107943387307 -0.528977458952687 0.54169154209015569 0.47688839410959333 -0.44646453466263203 1 1 0.99999999999999989
"calf_r" 64 -13.06266341081275 49.769644354111605 1.6972013187687534 -0.53412223826107486 0.53661933756344649 0.48112688151377392 -0.44189370331877165 1 1 0.99999999999999978
"foot_r" 65 -14.684454703037151 8.1286320027317061 0.041339084483915656 0.54413146416669644 -0.52723447523369116 -0.46872064494550997 0.45414283527402105 0.99999999999999989 0.99999999999999989 0.99999999999999967
"ball_r" 66 -16.628285385457847 1.165036160155454 13.316013674733634 0.75757012088230979 0.011947975456162198 -0.65256302497264762 -0.010308068073556635 1.0000000000000002 0.99999999999999989 0.99999999999999978
"calf_twist_02_r" 65 -13.652668644456668 35.891522769904171 1.1379229773284125 -0.53241997983799683 0.53826114797146074 0.48198245949744073 -0.44101792524856664 1 0.99999999999999978 0.99999999999999967
"calf_twist_01_r" 65 -14.242673878100588 22.013401185696743 0.57864463588808035 -0.53241997983799683 0.53826114797146074 0.48198245949744073 -0.44101792524856664 1 0.99999999999999978 0.99999999999999967
"thigh_twist_01_r" 64 -11.790621259074346 80.237772821608374 2.3326742892359831 -0.52754502603566777 0.54303947017865717 0.47798681349251049 -0.44534591663153922 0.99999999999999978 1 0.99999999999999967
"thigh_twist_02_r" 64 -12.426642374716096 65.003707635222568 2.0149377841332297 -0.52754502603568498 0.54303947017867538 0.47798681349248978 -0.44534591663151907 0.99999999999999989 0.99999999999999989 0.99999999999999978
"thigh_l" 1 11.154585838317871 95.471892372130881 2.6504471020181444 -0.44646453466263231 -0.47688839410959333 0.54169154209015546 0.52897745895268711 0.99999999999999989 1 0.99999999999999989
"calf_l" 72 13.06265324204249 49.769599643956077 1.6972355600582014 -0.44189370331877176 -0.48112688151377386 0.53661933756344649 0.53412223826107486 1 1 0.99999999999999989
"foot_l" 73 14.684442754171386 8.1286329981970056 0.041375143265478753 -0.45414283527402122 -0.4687206449455098 0.52723447523369105 0.54413146416669667 0.99999999999999989 1 0.99999999999999989
"ball_l" 74 16.628280637312713 1.1650386156962513 13.316047736934451 0.010308068073556409 -0.65256302497264751 -0.011947975456162463 0.75757012088230979 1 1.0000000000000002 1
"calf_twist_02_l" 73 13.652708659152227 35.891495207370525 1.1379594637929524 -0.4410179252485667 -0.48198245949744073 0.53826114797146063 0.53241997983799683 1 0.99999999999999989 0.99999999999999989
"calf_twist_01_l" 73 14.242715623232032 22.013387027788351 0.57868199941904019 -0.4410179252485667 -0.48198245949744073 0.53826114797146063 0.53241997983799683 1 0.99999999999999989 0.99999999999999989
"thigh_twist_01_l" 72 11.790624438161148 80.237796414842336 2.3327103744378781 -0.44534591663153972 -0.4779868134925106 0.54303947017865661 0.52754502603566777 1 1 1
"thigh_twist_02_l" 72 12.426663038004424 65.003700457553791 2.0149736468576114 -0.44534591663153972 -0.4779868134925106 0.54303947017865661 0.52754502603566777 1 1 1
"ik_foot_root" 0 0 0 0 -0.70710678118654746 -0 0 0.70710678118654757 1 1 1
"ik_foot_l" 80 14.711810111999512 8.1437892913818359 0.041452370584011577 -0.47554302826849387 -0.47810952109342575 0.5182305970971427 0.52602962115966867 1 1 1
"ik_foot_r" 80 -14.711830139160156 8.1437873840332031 0.041416238993406795 0.52602947366674047 -0.51823049066799476 -0.47810968192013686 0.47554314570828055 1 0.99999999999999989 1
"ik_hand_root" 0 0 0 0 -0.70710678118654746 -0 0 0.70710678118654757 1 1 1
"ik_hand_gun" 83 -45.554889678955078 105.64070129394531 14.400569915771491 -0.0085490668964510446 0.19934905451546403 0.45296957417794592 0.86891048606173515 0.99999999999999989 0.99999999999999989 0.99999999999999989
"ik_hand_l" 84 45.555013991063959 105.64060454111764 14.400378833596122 0.86891052428103577 -0.45296943406417162 0.19934920279255458 0.0085491486835004276 0.99999999999999967 0.99999999999999978 0.99999999999999978
"ik_hand_r" 84 -45.554889678955078 105.6407012939453 14.400569915771488 -0.0085490668964511331 0.19934905451546395 0.45296957417794592 0.86891048606173515 0.99999999999999967 0.99999999999999967 0.99999999999999967
"interaction" 0 -1.7763568394002505e-15 3.5527136788005009e-15 -1.8735013540549494e-16 -0.70710678118654746 -2.768552925498917e-17 8.0593735214419838e-18 0.70710678118654757 1 1 1
"center_of_mass" 0 -1.7763568394002505e-15 3.5527136788005009e-15 -1.8735013540549494e-16 -0.70710678118654746 -2.768552925498917e-17 8.0593735214419838e-18 0.70710678118654757 1 1 1
